Bleu_1:  9.577582140919736
Bleu_2:  3.5310604466814035
Bleu_3:  1.5227979983392255
Bleu_4:  0.7709967127135094
METEOR:  5.057141423661935
ROUGE_L:  14.8859103013
