Bleu_1:  10.020147738649404
Bleu_2:  3.6622529642247303
Bleu_3:  1.6893420418326885
Bleu_4:  0.9488165400207705
METEOR:  5.048636970422707
ROUGE_L:  14.2951391129
