Bleu_1:  9.332178399107088
Bleu_2:  3.075856129281522
Bleu_3:  1.2513094480184086
Bleu_4:  0.5573798591924377
METEOR:  4.738952401014106
ROUGE_L:  13.4823483435
